1 1 1 1
1 1 2 1
1 1 3 1
1 1 4 -1
1 1 5 -1
1 1 6 -1
2 1 1 1
2 1 2 1
2 1 3 1
2 1 4 -1
2 1 5 -1
2 1 6 -1
3 1 1 1
3 1 2 1
3 1 3 1
3 1 4 -1
3 1 5 -1
3 1 6 -1
4 1 1 1
4 1 2 1
4 1 3 1
4 1 4 -1
4 1 5 -1
4 1 6 -1
5 1 1 1
5 1 2 1
5 1 3 1
5 1 4 -1
5 1 5 -1
5 1 6 -1
6 1 1 1
6 1 2 1
6 1 3 1
6 1 4 -1
6 1 5 -1
6 1 6 -1
7 1 1 1
7 1 2 1
7 1 3 1
7 1 4 -1
7 1 5 -1
7 1 6 -1
8 1 1 1
8 1 2 1
8 1 3 1
8 1 4 -1
8 1 5 -1
8 1 6 -1
9 1 1 1
9 1 2 1
9 1 3 1
9 1 4 -1
9 1 5 -1
9 1 6 -1
10 1 1 1
10 1 2 1
10 1 3 1
10 1 4 -1
10 1 5 -1
10 1 6 -1
11 1 1 1
11 1 2 1
11 1 3 1
11 1 4 -1
11 1 5 -1
11 1 6 -1
12 1 1 1
12 1 2 1
12 1 3 1
12 1 4 -1
12 1 5 -1
12 1 6 -1
13 1 1 1
13 1 2 1
13 1 3 1
13 1 4 -1
13 1 5 -1
13 1 6 -1
14 1 1 1
14 1 2 1
14 1 3 1
14 1 4 -1
14 1 5 -1
14 1 6 -1
15 1 1 1
15 1 2 1
15 1 3 1
15 1 4 -1
15 1 5 -1
15 1 6 -1
16 1 1 1
16 1 2 1
16 1 3 1
16 1 4 -1
16 1 5 -1
16 1 6 -1
17 1 1 1
17 1 2 1
17 1 3 1
17 1 4 -1
17 1 5 -1
17 1 6 -1
18 1 1 1
18 1 2 1
18 1 3 1
18 1 4 -1
18 1 5 -1
18 1 6 -1
19 1 1 1
19 1 2 1
19 1 3 1
19 1 4 -1
19 1 5 -1
19 1 6 -1
20 1 1 1
20 1 2 1
20 1 3 1
20 1 4 -1
20 1 5 -1
20 1 6 -1
21 1 1 1
21 1 2 1
21 1 3 1
21 1 4 -1
21 1 5 -1
21 1 6 -1
22 1 1 1
22 1 2 1
22 1 3 1
22 1 4 -1
22 1 5 -1
22 1 6 -1
23 1 1 1
23 1 2 1
23 1 3 1
23 1 4 -1
23 1 5 -1
23 1 6 -1
24 1 1 1
24 1 2 1
24 1 3 1
24 1 4 -1
24 1 5 -1
24 1 6 -1
25 1 1 1
25 1 2 1
25 1 3 1
25 1 4 -1
25 1 5 -1
25 1 6 -1
26 1 1 1
26 1 2 1
26 1 3 1
26 1 4 -1
26 1 5 -1
26 1 6 -1
27 1 1 1
27 1 2 1
27 1 3 1
27 1 4 -1
27 1 5 -1
27 1 6 -1
28 1 1 1
28 1 2 1
28 1 3 1
28 1 4 -1
28 1 5 -1
28 1 6 -1
29 1 1 1
29 1 2 1
29 1 3 1
29 1 4 -1
29 1 5 -1
29 1 6 -1
30 1 1 1
30 1 2 1
30 1 3 1
30 1 4 -1
30 1 5 -1
30 1 6 -1
31 1 1 1
31 1 2 1
31 1 3 1
31 1 4 -1
31 1 5 -1
31 1 6 -1
32 1 1 1
32 1 2 1
32 1 3 1
32 1 4 -1
32 1 5 -1
32 1 6 -1
33 1 1 1
33 1 2 1
33 1 3 1
33 1 4 -1
33 1 5 -1
33 1 6 -1
34 1 1 1
34 1 2 1
34 1 3 1
34 1 4 -1
34 1 5 -1
34 1 6 -1
35 1 1 1
35 1 2 1
35 1 3 1
35 1 4 -1
35 1 5 -1
35 1 6 -1
36 1 1 1
36 1 2 1
36 1 3 1
36 1 4 -1
36 1 5 -1
36 1 6 -1
37 1 1 1
37 1 2 1
37 1 3 1
37 1 4 -1
37 1 5 -1
37 1 6 -1
38 1 1 1
38 1 2 1
38 1 3 1
38 1 4 -1
38 1 5 -1
38 1 6 -1
39 1 1 1
39 1 2 1
39 1 3 1
39 1 4 -1
39 1 5 -1
39 1 6 -1
40 1 1 1
40 1 2 1
40 1 3 1
40 1 4 -1
40 1 5 -1
40 1 6 -1
41 1 1 1
41 1 2 1
41 1 3 1
41 1 4 -1
41 1 5 -1
41 1 6 -1
42 1 1 1
42 1 2 1
42 1 3 1
42 1 4 -1
42 1 5 -1
42 1 6 -1
43 1 1 1
43 1 2 1
43 1 3 1
43 1 4 -1
43 1 5 -1
43 1 6 -1
44 1 1 1
44 1 2 1
44 1 3 1
44 1 4 -1
44 1 5 -1
44 1 6 -1
45 1 1 1
45 1 2 1
45 1 3 1
45 1 4 -1
45 1 5 -1
45 1 6 -1
46 1 1 1
46 1 2 1
46 1 3 1
46 1 4 -1
46 1 5 -1
46 1 6 -1
47 1 1 1
47 1 2 1
47 1 3 1
47 1 4 -1
47 1 5 -1
47 1 6 -1
48 1 1 1
48 1 2 1
48 1 3 1
48 1 4 -1
48 1 5 -1
48 1 6 -1
49 1 1 1
49 1 2 1
49 1 3 1
49 1 4 -1
49 1 5 -1
49 1 6 -1
50 1 1 1
50 1 2 1
50 1 3 1
50 1 4 -1
50 1 5 -1
50 1 6 -1
51 1 1 1
51 1 2 1
51 1 3 1
51 1 4 -1
51 1 5 -1
51 1 6 -1
52 1 1 1
52 1 2 1
52 1 3 1
52 1 4 -1
52 1 5 -1
52 1 6 -1
53 1 1 1
53 1 2 1
53 1 3 1
53 1 4 -1
53 1 5 -1
53 1 6 -1
54 1 1 1
54 1 2 1
54 1 3 1
54 1 4 -1
54 1 5 -1
54 1 6 -1
55 1 1 1
55 1 2 1
55 1 3 1
55 1 4 -1
55 1 5 -1
55 1 6 -1
56 1 1 1
56 1 2 1
56 1 3 1
56 1 4 -1
56 1 5 -1
56 1 6 -1
57 1 1 1
57 1 2 1
57 1 3 1
57 1 4 -1
57 1 5 -1
57 1 6 -1
58 1 1 1
58 1 2 1
58 1 3 -1
58 1 4 -1
58 1 5 -1
58 1 6 1
59 1 1 1
59 1 2 1
59 1 3 -1
59 1 4 -1
59 1 5 -1
59 1 6 1
60 1 1 1
60 1 2 1
60 1 3 -1
60 1 4 -1
60 1 5 -1
60 1 6 1
61 1 1 1
61 1 2 1
61 1 3 -1
61 1 4 -1
61 1 5 -1
61 1 6 1
62 1 1 1
62 1 2 1
62 1 3 -1
62 1 4 -1
62 1 5 -1
62 1 6 1
63 1 1 1
63 1 2 1
63 1 3 -1
63 1 4 -1
63 1 5 -1
63 1 6 1
64 1 1 1
64 1 2 1
64 1 3 -1
64 1 4 -1
64 1 5 -1
64 1 6 1
65 1 1 1
65 1 2 1
65 1 3 -1
65 1 4 -1
65 1 5 -1
65 1 6 1
66 1 1 1
66 1 2 1
66 1 3 -1
66 1 4 -1
66 1 5 1
66 1 6 1
67 1 1 1
67 1 2 1
67 1 3 -1
67 1 4 -1
67 1 5 1
67 1 6 1
68 1 1 1
68 1 2 1
68 1 3 -1
68 1 4 -1
68 1 5 1
68 1 6 1
69 1 1 1
69 1 2 1
69 1 3 -1
69 1 4 -1
69 1 5 1
69 1 6 1
70 1 1 1
70 1 2 1
70 1 3 -1
70 1 4 -1
70 1 5 1
70 1 6 1
71 1 1 1
71 1 2 1
71 1 3 -1
71 1 4 -1
71 1 5 1
71 1 6 1
72 1 1 1
72 1 2 1
72 1 3 -1
72 1 4 -1
72 1 5 1
72 1 6 1
73 1 1 1
73 1 2 1
73 1 3 -1
73 1 4 -1
73 1 5 1
73 1 6 1
74 1 1 1
74 1 2 1
74 1 3 -1
74 1 4 -1
74 1 5 1
74 1 6 1
75 1 1 1
75 1 2 1
75 1 3 -1
75 1 4 -1
75 1 5 1
75 1 6 1
76 1 1 1
76 1 2 1
76 1 3 -1
76 1 4 -1
76 1 5 1
76 1 6 1
77 1 1 1
77 1 2 1
77 1 3 -1
77 1 4 -1
77 1 5 1
77 1 6 1
78 1 1 1
78 1 2 1
78 1 3 -1
78 1 4 -1
78 1 5 1
78 1 6 1
79 1 1 1
79 1 2 1
79 1 3 -1
79 1 4 -1
79 1 5 1
79 1 6 1
80 1 1 1
80 1 2 1
80 1 3 -1
80 1 4 -1
80 1 5 1
80 1 6 1
81 1 1 1
81 1 2 1
81 1 3 -1
81 1 4 -1
81 1 5 1
81 1 6 1
82 1 1 1
82 1 2 1
82 1 3 -1
82 1 4 -1
82 1 5 1
82 1 6 1
83 1 1 1
83 1 2 -1
83 1 3 -1
83 1 4 -1
83 1 5 1
83 1 6 1
84 1 1 1
84 1 2 -1
84 1 3 -1
84 1 4 -1
84 1 5 1
84 1 6 1
85 1 1 1
85 1 2 -1
85 1 3 -1
85 1 4 -1
85 1 5 1
85 1 6 1
86 1 1 1
86 1 2 -1
86 1 3 -1
86 1 4 -1
86 1 5 1
86 1 6 1
87 1 1 1
87 1 2 -1
87 1 3 -1
87 1 4 -1
87 1 5 1
87 1 6 1
88 1 1 1
88 1 2 -1
88 1 3 -1
88 1 4 -1
88 1 5 1
88 1 6 1
89 1 1 1
89 1 2 -1
89 1 3 -1
89 1 4 -1
89 1 5 1
89 1 6 1
90 1 1 1
90 1 2 -1
90 1 3 -1
90 1 4 -1
90 1 5 1
90 1 6 1
91 1 1 1
91 1 2 -1
91 1 3 -1
91 1 4 -1
91 1 5 1
91 1 6 1
92 1 1 1
92 1 2 -1
92 1 3 -1
92 1 4 -1
92 1 5 1
92 1 6 1
93 1 1 1
93 1 2 -1
93 1 3 -1
93 1 4 -1
93 1 5 1
93 1 6 1
94 1 1 1
94 1 2 -1
94 1 3 -1
94 1 4 -1
94 1 5 1
94 1 6 1
95 1 1 1
95 1 2 -1
95 1 3 -1
95 1 4 -1
95 1 5 1
95 1 6 1
96 1 1 1
96 1 2 -1
96 1 3 -1
96 1 4 -1
96 1 5 1
96 1 6 1
97 1 1 1
97 1 2 -1
97 1 3 -1
97 1 4 -1
97 1 5 1
97 1 6 1
98 1 1 1
98 1 2 -1
98 1 3 -1
98 1 4 -1
98 1 5 1
98 1 6 1
99 1 1 1
99 1 2 -1
99 1 3 -1
99 1 4 -1
99 1 5 1
99 1 6 1
100 1 1 1
100 1 2 -1
100 1 3 -1
100 1 4 -1
100 1 5 1
100 1 6 1
1 2 1 -1
1 2 2 -1
1 2 3 1
1 2 4 1
2 2 1 -1
2 2 2 -1
2 2 3 1
2 2 4 1
3 2 1 -1
3 2 2 -1
3 2 3 1
3 2 4 1
4 2 1 -1
4 2 2 -1
4 2 3 1
4 2 4 1
5 2 1 -1
5 2 2 -1
5 2 3 1
5 2 4 1
6 2 1 -1
6 2 2 -1
6 2 3 1
6 2 4 1
7 2 1 -1
7 2 2 -1
7 2 3 1
7 2 4 1
8 2 1 -1
8 2 2 -1
8 2 3 1
8 2 4 1
9 2 1 -1
9 2 2 -1
9 2 3 1
9 2 4 1
10 2 1 -1
10 2 2 -1
10 2 3 1
10 2 4 1
11 2 1 -1
11 2 2 -1
11 2 3 1
11 2 4 1
12 2 1 -1
12 2 2 -1
12 2 3 1
12 2 4 1
13 2 1 -1
13 2 2 -1
13 2 3 1
13 2 4 1
14 2 1 -1
14 2 2 -1
14 2 3 1
14 2 4 1
15 2 1 -1
15 2 2 -1
15 2 3 1
15 2 4 1
16 2 1 -1
16 2 2 -1
16 2 3 1
16 2 4 1
17 2 1 -1
17 2 2 -1
17 2 3 1
17 2 4 1
18 2 1 -1
18 2 2 -1
18 2 3 1
18 2 4 1
19 2 1 -1
19 2 2 -1
19 2 3 1
19 2 4 1
20 2 1 -1
20 2 2 -1
20 2 3 1
20 2 4 1
21 2 1 -1
21 2 2 -1
21 2 3 1
21 2 4 1
22 2 1 -1
22 2 2 -1
22 2 3 1
22 2 4 1
23 2 1 -1
23 2 2 -1
23 2 3 1
23 2 4 1
24 2 1 -1
24 2 2 -1
24 2 3 1
24 2 4 1
25 2 1 -1
25 2 2 -1
25 2 3 1
25 2 4 1
26 2 1 -1
26 2 2 -1
26 2 3 1
26 2 4 1
27 2 1 -1
27 2 2 -1
27 2 3 1
27 2 4 1
28 2 1 -1
28 2 2 -1
28 2 3 1
28 2 4 1
29 2 1 -1
29 2 2 -1
29 2 3 1
29 2 4 1
30 2 1 -1
30 2 2 -1
30 2 3 1
30 2 4 1
31 2 1 -1
31 2 2 -1
31 2 3 1
31 2 4 1
32 2 1 -1
32 2 2 -1
32 2 3 1
32 2 4 1
33 2 1 -1
33 2 2 -1
33 2 3 1
33 2 4 1
34 2 1 -1
34 2 2 -1
34 2 3 1
34 2 4 1
35 2 1 -1
35 2 2 -1
35 2 3 1
35 2 4 1
36 2 1 -1
36 2 2 -1
36 2 3 1
36 2 4 1
37 2 1 -1
37 2 2 -1
37 2 3 1
37 2 4 1
38 2 1 -1
38 2 2 -1
38 2 3 1
38 2 4 1
39 2 1 -1
39 2 2 -1
39 2 3 1
39 2 4 1
40 2 1 -1
40 2 2 -1
40 2 3 1
40 2 4 1
41 2 1 -1
41 2 2 -1
41 2 3 1
41 2 4 1
42 2 1 -1
42 2 2 -1
42 2 3 1
42 2 4 1
43 2 1 -1
43 2 2 -1
43 2 3 1
43 2 4 1
44 2 1 -1
44 2 2 -1
44 2 3 1
44 2 4 1
45 2 1 -1
45 2 2 -1
45 2 3 1
45 2 4 1
46 2 1 -1
46 2 2 -1
46 2 3 1
46 2 4 1
47 2 1 -1
47 2 2 -1
47 2 3 1
47 2 4 -1
48 2 1 -1
48 2 2 -1
48 2 3 1
48 2 4 -1
49 2 1 -1
49 2 2 -1
49 2 3 1
49 2 4 -1
50 2 1 -1
50 2 2 -1
50 2 3 1
50 2 4 -1
51 2 1 -1
51 2 2 -1
51 2 3 1
51 2 4 -1
52 2 1 -1
52 2 2 -1
52 2 3 1
52 2 4 -1
53 2 1 -1
53 2 2 -1
53 2 3 1
53 2 4 -1
54 2 1 -1
54 2 2 -1
54 2 3 1
54 2 4 -1
55 2 1 -1
55 2 2 -1
55 2 3 1
55 2 4 -1
56 2 1 -1
56 2 2 -1
56 2 3 1
56 2 4 -1
57 2 1 -1
57 2 2 -1
57 2 3 1
57 2 4 -1
58 2 1 -1
58 2 2 -1
58 2 3 1
58 2 4 -1
59 2 1 -1
59 2 2 -1
59 2 3 1
59 2 4 -1
60 2 1 -1
60 2 2 -1
60 2 3 1
60 2 4 -1
61 2 1 -1
61 2 2 -1
61 2 3 1
61 2 4 -1
62 2 1 -1
62 2 2 -1
62 2 3 1
62 2 4 -1
63 2 1 -1
63 2 2 -1
63 2 3 1
63 2 4 -1
64 2 1 -1
64 2 2 -1
64 2 3 1
64 2 4 -1
65 2 1 -1
65 2 2 -1
65 2 3 1
65 2 4 -1
66 2 1 -1
66 2 2 -1
66 2 3 1
66 2 4 -1
67 2 1 -1
67 2 2 -1
67 2 3 1
67 2 4 -1
68 2 1 -1
68 2 2 -1
68 2 3 1
68 2 4 -1
69 2 1 -1
69 2 2 -1
69 2 3 1
69 2 4 -1
70 2 1 -1
70 2 2 -1
70 2 3 1
70 2 4 -1
71 2 1 -1
71 2 2 -1
71 2 3 1
71 2 4 -1
72 2 1 -1
72 2 2 -1
72 2 3 1
72 2 4 -1
73 2 1 -1
73 2 2 -1
73 2 3 1
73 2 4 -1
74 2 1 -1
74 2 2 -1
74 2 3 1
74 2 4 -1
75 2 1 -1
75 2 2 -1
75 2 3 1
75 2 4 -1
76 2 1 -1
76 2 2 -1
76 2 3 1
76 2 4 -1
77 2 1 -1
77 2 2 -1
77 2 3 1
77 2 4 -1
78 2 1 -1
78 2 2 -1
78 2 3 1
78 2 4 -1
79 2 1 -1
79 2 2 -1
79 2 3 1
79 2 4 -1
80 2 1 -1
80 2 2 -1
80 2 3 1
80 2 4 -1
81 2 1 -1
81 2 2 -1
81 2 3 1
81 2 4 -1
82 2 1 -1
82 2 2 -1
82 2 3 1
82 2 4 -1
83 2 1 -1
83 2 2 -1
83 2 3 1
83 2 4 -1
84 2 1 -1
84 2 2 -1
84 2 3 1
84 2 4 -1
85 2 1 -1
85 2 2 -1
85 2 3 1
85 2 4 -1
86 2 1 -1
86 2 2 -1
86 2 3 1
86 2 4 -1
87 2 1 -1
87 2 2 -1
87 2 3 1
87 2 4 -1
88 2 1 -1
88 2 2 -1
88 2 3 1
88 2 4 -1
89 2 1 -1
89 2 2 -1
89 2 3 1
89 2 4 -1
90 2 1 -1
90 2 2 -1
90 2 3 1
90 2 4 -1
91 2 1 -1
91 2 2 -1
91 2 3 1
91 2 4 -1
92 2 1 -1
92 2 2 -1
92 2 3 1
92 2 4 -1
93 2 1 -1
93 2 2 -1
93 2 3 1
93 2 4 -1
94 2 1 -1
94 2 2 -1
94 2 3 1
94 2 4 -1
95 2 1 -1
95 2 2 -1
95 2 3 1
95 2 4 -1
96 2 1 -1
96 2 2 -1
96 2 3 1
96 2 4 -1
97 2 1 -1
97 2 2 -1
97 2 3 1
97 2 4 -1
98 2 1 -1
98 2 2 -1
98 2 3 1
98 2 4 -1
99 2 1 -1
99 2 2 -1
99 2 3 1
99 2 4 -1
100 2 1 -1
100 2 2 -1
100 2 3 1
100 2 4 -1
1 3 1 1
1 3 2 1
1 3 3 -1
1 3 4 -1
1 3 5 -1
2 3 1 1
2 3 2 1
2 3 3 -1
2 3 4 -1
2 3 5 -1
3 3 1 1
3 3 2 1
3 3 3 -1
3 3 4 -1
3 3 5 -1
4 3 1 1
4 3 2 1
4 3 3 -1
4 3 4 -1
4 3 5 -1
5 3 1 1
5 3 2 1
5 3 3 -1
5 3 4 -1
5 3 5 -1
6 3 1 1
6 3 2 1
6 3 3 -1
6 3 4 -1
6 3 5 -1
7 3 1 1
7 3 2 1
7 3 3 -1
7 3 4 -1
7 3 5 -1
8 3 1 1
8 3 2 1
8 3 3 -1
8 3 4 -1
8 3 5 -1
9 3 1 1
9 3 2 1
9 3 3 -1
9 3 4 -1
9 3 5 -1
10 3 1 1
10 3 2 1
10 3 3 -1
10 3 4 -1
10 3 5 -1
11 3 1 1
11 3 2 1
11 3 3 -1
11 3 4 -1
11 3 5 -1
12 3 1 1
12 3 2 1
12 3 3 -1
12 3 4 -1
12 3 5 -1
13 3 1 1
13 3 2 1
13 3 3 -1
13 3 4 -1
13 3 5 -1
14 3 1 1
14 3 2 1
14 3 3 -1
14 3 4 -1
14 3 5 -1
15 3 1 1
15 3 2 1
15 3 3 -1
15 3 4 -1
15 3 5 -1
16 3 1 1
16 3 2 1
16 3 3 -1
16 3 4 -1
16 3 5 -1
17 3 1 1
17 3 2 1
17 3 3 -1
17 3 4 -1
17 3 5 -1
18 3 1 1
18 3 2 1
18 3 3 -1
18 3 4 -1
18 3 5 -1
19 3 1 1
19 3 2 1
19 3 3 -1
19 3 4 -1
19 3 5 -1
20 3 1 1
20 3 2 1
20 3 3 -1
20 3 4 -1
20 3 5 -1
21 3 1 1
21 3 2 1
21 3 3 -1
21 3 4 -1
21 3 5 -1
22 3 1 1
22 3 2 1
22 3 3 -1
22 3 4 -1
22 3 5 -1
23 3 1 1
23 3 2 1
23 3 3 -1
23 3 4 -1
23 3 5 -1
24 3 1 1
24 3 2 1
24 3 3 -1
24 3 4 -1
24 3 5 -1
25 3 1 1
25 3 2 1
25 3 3 -1
25 3 4 -1
25 3 5 -1
26 3 1 1
26 3 2 1
26 3 3 -1
26 3 4 -1
26 3 5 -1
27 3 1 1
27 3 2 1
27 3 3 -1
27 3 4 -1
27 3 5 -1
28 3 1 1
28 3 2 1
28 3 3 -1
28 3 4 -1
28 3 5 -1
29 3 1 1
29 3 2 1
29 3 3 -1
29 3 4 -1
29 3 5 -1
30 3 1 1
30 3 2 1
30 3 3 -1
30 3 4 -1
30 3 5 -1
31 3 1 1
31 3 2 1
31 3 3 -1
31 3 4 -1
31 3 5 -1
32 3 1 1
32 3 2 1
32 3 3 -1
32 3 4 -1
32 3 5 -1
33 3 1 1
33 3 2 1
33 3 3 -1
33 3 4 -1
33 3 5 -1
34 3 1 1
34 3 2 1
34 3 3 -1
34 3 4 -1
34 3 5 -1
35 3 1 1
35 3 2 1
35 3 3 -1
35 3 4 -1
35 3 5 -1
36 3 1 1
36 3 2 1
36 3 3 -1
36 3 4 -1
36 3 5 -1
37 3 1 1
37 3 2 1
37 3 3 -1
37 3 4 -1
37 3 5 -1
38 3 1 1
38 3 2 1
38 3 3 -1
38 3 4 -1
38 3 5 -1
39 3 1 1
39 3 2 1
39 3 3 -1
39 3 4 -1
39 3 5 -1
40 3 1 1
40 3 2 1
40 3 3 -1
40 3 4 -1
40 3 5 -1
41 3 1 1
41 3 2 1
41 3 3 -1
41 3 4 -1
41 3 5 -1
42 3 1 1
42 3 2 1
42 3 3 -1
42 3 4 -1
42 3 5 -1
43 3 1 1
43 3 2 1
43 3 3 -1
43 3 4 -1
43 3 5 -1
44 3 1 1
44 3 2 1
44 3 3 -1
44 3 4 -1
44 3 5 -1
45 3 1 1
45 3 2 1
45 3 3 -1
45 3 4 -1
45 3 5 -1
46 3 1 1
46 3 2 1
46 3 3 -1
46 3 4 -1
46 3 5 -1
47 3 1 1
47 3 2 1
47 3 3 -1
47 3 4 -1
47 3 5 -1
48 3 1 1
48 3 2 1
48 3 3 -1
48 3 4 -1
48 3 5 -1
49 3 1 1
49 3 2 1
49 3 3 -1
49 3 4 -1
49 3 5 -1
50 3 1 1
50 3 2 1
50 3 3 -1
50 3 4 -1
50 3 5 -1
51 3 1 1
51 3 2 1
51 3 3 -1
51 3 4 -1
51 3 5 -1
52 3 1 1
52 3 2 1
52 3 3 -1
52 3 4 -1
52 3 5 -1
53 3 1 1
53 3 2 1
53 3 3 -1
53 3 4 -1
53 3 5 -1
54 3 1 1
54 3 2 1
54 3 3 -1
54 3 4 -1
54 3 5 -1
55 3 1 1
55 3 2 1
55 3 3 -1
55 3 4 -1
55 3 5 -1
56 3 1 1
56 3 2 1
56 3 3 -1
56 3 4 -1
56 3 5 -1
57 3 1 1
57 3 2 1
57 3 3 -1
57 3 4 -1
57 3 5 -1
58 3 1 1
58 3 2 1
58 3 3 -1
58 3 4 -1
58 3 5 -1
59 3 1 1
59 3 2 1
59 3 3 -1
59 3 4 -1
59 3 5 -1
60 3 1 1
60 3 2 1
60 3 3 -1
60 3 4 -1
60 3 5 -1
61 3 1 1
61 3 2 1
61 3 3 -1
61 3 4 -1
61 3 5 -1
62 3 1 1
62 3 2 1
62 3 3 -1
62 3 4 -1
62 3 5 -1
63 3 1 1
63 3 2 1
63 3 3 -1
63 3 4 -1
63 3 5 -1
64 3 1 1
64 3 2 1
64 3 3 -1
64 3 4 -1
64 3 5 -1
65 3 1 1
65 3 2 1
65 3 3 -1
65 3 4 -1
65 3 5 -1
66 3 1 1
66 3 2 1
66 3 3 -1
66 3 4 -1
66 3 5 -1
67 3 1 1
67 3 2 1
67 3 3 -1
67 3 4 -1
67 3 5 -1
68 3 1 1
68 3 2 1
68 3 3 -1
68 3 4 -1
68 3 5 -1
69 3 1 1
69 3 2 1
69 3 3 -1
69 3 4 -1
69 3 5 -1
70 3 1 1
70 3 2 1
70 3 3 -1
70 3 4 -1
70 3 5 -1
71 3 1 1
71 3 2 1
71 3 3 -1
71 3 4 -1
71 3 5 -1
72 3 1 1
72 3 2 1
72 3 3 -1
72 3 4 -1
72 3 5 -1
73 3 1 1
73 3 2 1
73 3 3 -1
73 3 4 -1
73 3 5 -1
74 3 1 1
74 3 2 1
74 3 3 -1
74 3 4 -1
74 3 5 -1
75 3 1 1
75 3 2 1
75 3 3 -1
75 3 4 -1
75 3 5 -1
76 3 1 1
76 3 2 1
76 3 3 -1
76 3 4 -1
76 3 5 -1
77 3 1 1
77 3 2 1
77 3 3 -1
77 3 4 -1
77 3 5 -1
78 3 1 1
78 3 2 1
78 3 3 -1
78 3 4 -1
78 3 5 -1
79 3 1 1
79 3 2 1
79 3 3 -1
79 3 4 -1
79 3 5 -1
80 3 1 1
80 3 2 1
80 3 3 -1
80 3 4 -1
80 3 5 -1
81 3 1 1
81 3 2 1
81 3 3 -1
81 3 4 -1
81 3 5 -1
82 3 1 1
82 3 2 1
82 3 3 -1
82 3 4 -1
82 3 5 -1
83 3 1 1
83 3 2 1
83 3 3 -1
83 3 4 -1
83 3 5 -1
84 3 1 1
84 3 2 1
84 3 3 -1
84 3 4 -1
84 3 5 -1
85 3 1 1
85 3 2 1
85 3 3 -1
85 3 4 -1
85 3 5 -1
86 3 1 1
86 3 2 1
86 3 3 -1
86 3 4 -1
86 3 5 -1
87 3 1 1
87 3 2 1
87 3 3 -1
87 3 4 -1
87 3 5 -1
88 3 1 1
88 3 2 1
88 3 3 -1
88 3 4 -1
88 3 5 -1
89 3 1 1
89 3 2 1
89 3 3 -1
89 3 4 -1
89 3 5 -1
90 3 1 1
90 3 2 1
90 3 3 -1
90 3 4 -1
90 3 5 -1
91 3 1 1
91 3 2 1
91 3 3 -1
91 3 4 -1
91 3 5 -1
92 3 1 1
92 3 2 1
92 3 3 -1
92 3 4 -1
92 3 5 -1
93 3 1 1
93 3 2 1
93 3 3 -1
93 3 4 -1
93 3 5 -1
94 3 1 1
94 3 2 1
94 3 3 -1
94 3 4 -1
94 3 5 -1
95 3 1 1
95 3 2 1
95 3 3 -1
95 3 4 -1
95 3 5 -1
96 3 1 1
96 3 2 1
96 3 3 -1
96 3 4 -1
96 3 5 -1
97 3 1 1
97 3 2 1
97 3 3 -1
97 3 4 -1
97 3 5 -1
98 3 1 1
98 3 2 1
98 3 3 -1
98 3 4 -1
98 3 5 -1
99 3 1 1
99 3 2 1
99 3 3 -1
99 3 4 -1
99 3 5 -1
100 3 1 1
100 3 2 1
100 3 3 -1
100 3 4 -1
100 3 5 -1
1 4 1 -1
1 4 2 -1
1 4 3 1
1 4 4 1
1 4 5 1
2 4 1 -1
2 4 2 -1
2 4 3 1
2 4 4 1
2 4 5 1
3 4 1 -1
3 4 2 -1
3 4 3 1
3 4 4 1
3 4 5 1
4 4 1 -1
4 4 2 -1
4 4 3 1
4 4 4 1
4 4 5 1
5 4 1 -1
5 4 2 -1
5 4 3 1
5 4 4 1
5 4 5 1
6 4 1 -1
6 4 2 -1
6 4 3 1
6 4 4 1
6 4 5 1
7 4 1 -1
7 4 2 -1
7 4 3 1
7 4 4 1
7 4 5 1
8 4 1 -1
8 4 2 -1
8 4 3 1
8 4 4 1
8 4 5 1
9 4 1 -1
9 4 2 -1
9 4 3 1
9 4 4 1
9 4 5 1
10 4 1 -1
10 4 2 -1
10 4 3 1
10 4 4 1
10 4 5 1
11 4 1 -1
11 4 2 -1
11 4 3 1
11 4 4 1
11 4 5 1
12 4 1 -1
12 4 2 -1
12 4 3 1
12 4 4 1
12 4 5 1
13 4 1 -1
13 4 2 -1
13 4 3 1
13 4 4 1
13 4 5 1
14 4 1 -1
14 4 2 -1
14 4 3 1
14 4 4 1
14 4 5 1
15 4 1 -1
15 4 2 -1
15 4 3 1
15 4 4 1
15 4 5 1
16 4 1 -1
16 4 2 -1
16 4 3 1
16 4 4 1
16 4 5 1
17 4 1 -1
17 4 2 -1
17 4 3 1
17 4 4 1
17 4 5 1
18 4 1 -1
18 4 2 -1
18 4 3 1
18 4 4 1
18 4 5 1
19 4 1 -1
19 4 2 -1
19 4 3 1
19 4 4 1
19 4 5 1
20 4 1 -1
20 4 2 -1
20 4 3 1
20 4 4 1
20 4 5 1
21 4 1 -1
21 4 2 -1
21 4 3 1
21 4 4 1
21 4 5 1
22 4 1 -1
22 4 2 -1
22 4 3 1
22 4 4 1
22 4 5 1
23 4 1 -1
23 4 2 -1
23 4 3 1
23 4 4 1
23 4 5 1
24 4 1 -1
24 4 2 -1
24 4 3 1
24 4 4 1
24 4 5 1
25 4 1 -1
25 4 2 -1
25 4 3 1
25 4 4 1
25 4 5 1
26 4 1 -1
26 4 2 -1
26 4 3 1
26 4 4 1
26 4 5 1
27 4 1 -1
27 4 2 -1
27 4 3 1
27 4 4 1
27 4 5 1
28 4 1 -1
28 4 2 -1
28 4 3 1
28 4 4 1
28 4 5 1
29 4 1 -1
29 4 2 -1
29 4 3 1
29 4 4 1
29 4 5 1
30 4 1 -1
30 4 2 -1
30 4 3 1
30 4 4 1
30 4 5 1
31 4 1 -1
31 4 2 -1
31 4 3 1
31 4 4 1
31 4 5 1
32 4 1 -1
32 4 2 -1
32 4 3 1
32 4 4 1
32 4 5 1
33 4 1 -1
33 4 2 -1
33 4 3 1
33 4 4 1
33 4 5 1
34 4 1 -1
34 4 2 -1
34 4 3 1
34 4 4 1
34 4 5 1
35 4 1 -1
35 4 2 -1
35 4 3 1
35 4 4 1
35 4 5 1
36 4 1 -1
36 4 2 -1
36 4 3 1
36 4 4 1
36 4 5 1
37 4 1 -1
37 4 2 -1
37 4 3 1
37 4 4 1
37 4 5 1
38 4 1 -1
38 4 2 -1
38 4 3 1
38 4 4 1
38 4 5 1
39 4 1 -1
39 4 2 -1
39 4 3 1
39 4 4 1
39 4 5 1
40 4 1 -1
40 4 2 -1
40 4 3 1
40 4 4 1
40 4 5 1
41 4 1 -1
41 4 2 -1
41 4 3 1
41 4 4 1
41 4 5 1
42 4 1 -1
42 4 2 -1
42 4 3 1
42 4 4 1
42 4 5 1
43 4 1 -1
43 4 2 -1
43 4 3 1
43 4 4 1
43 4 5 1
44 4 1 -1
44 4 2 -1
44 4 3 1
44 4 4 1
44 4 5 1
45 4 1 -1
45 4 2 -1
45 4 3 1
45 4 4 1
45 4 5 1
46 4 1 -1
46 4 2 -1
46 4 3 1
46 4 4 1
46 4 5 1
47 4 1 -1
47 4 2 -1
47 4 3 1
47 4 4 1
47 4 5 1
48 4 1 -1
48 4 2 -1
48 4 3 1
48 4 4 1
48 4 5 1
49 4 1 -1
49 4 2 -1
49 4 3 1
49 4 4 1
49 4 5 1
50 4 1 -1
50 4 2 -1
50 4 3 1
50 4 4 1
50 4 5 1
51 4 1 -1
51 4 2 -1
51 4 3 1
51 4 4 1
51 4 5 1
52 4 1 -1
52 4 2 -1
52 4 3 1
52 4 4 1
52 4 5 1
53 4 1 -1
53 4 2 -1
53 4 3 1
53 4 4 1
53 4 5 1
54 4 1 -1
54 4 2 -1
54 4 3 1
54 4 4 1
54 4 5 1
55 4 1 -1
55 4 2 -1
55 4 3 1
55 4 4 1
55 4 5 1
56 4 1 -1
56 4 2 -1
56 4 3 1
56 4 4 1
56 4 5 1
57 4 1 -1
57 4 2 -1
57 4 3 1
57 4 4 1
57 4 5 1
58 4 1 -1
58 4 2 -1
58 4 3 1
58 4 4 1
58 4 5 1
59 4 1 -1
59 4 2 -1
59 4 3 1
59 4 4 1
59 4 5 1
60 4 1 -1
60 4 2 -1
60 4 3 1
60 4 4 1
60 4 5 1
61 4 1 -1
61 4 2 -1
61 4 3 1
61 4 4 1
61 4 5 1
62 4 1 -1
62 4 2 -1
62 4 3 1
62 4 4 1
62 4 5 1
63 4 1 -1
63 4 2 -1
63 4 3 1
63 4 4 1
63 4 5 1
64 4 1 -1
64 4 2 -1
64 4 3 1
64 4 4 1
64 4 5 1
65 4 1 -1
65 4 2 -1
65 4 3 1
65 4 4 1
65 4 5 1
66 4 1 -1
66 4 2 -1
66 4 3 1
66 4 4 1
66 4 5 1
67 4 1 -1
67 4 2 -1
67 4 3 1
67 4 4 1
67 4 5 1
68 4 1 -1
68 4 2 -1
68 4 3 1
68 4 4 1
68 4 5 1
69 4 1 -1
69 4 2 -1
69 4 3 1
69 4 4 1
69 4 5 1
70 4 1 -1
70 4 2 -1
70 4 3 1
70 4 4 1
70 4 5 1
71 4 1 -1
71 4 2 -1
71 4 3 1
71 4 4 1
71 4 5 1
72 4 1 -1
72 4 2 -1
72 4 3 1
72 4 4 1
72 4 5 -1
73 4 1 -1
73 4 2 -1
73 4 3 1
73 4 4 1
73 4 5 -1
74 4 1 -1
74 4 2 -1
74 4 3 1
74 4 4 1
74 4 5 -1
75 4 1 -1
75 4 2 -1
75 4 3 1
75 4 4 1
75 4 5 -1
76 4 1 -1
76 4 2 -1
76 4 3 1
76 4 4 1
76 4 5 -1
77 4 1 -1
77 4 2 -1
77 4 3 1
77 4 4 1
77 4 5 -1
78 4 1 -1
78 4 2 -1
78 4 3 1
78 4 4 1
78 4 5 -1
79 4 1 -1
79 4 2 -1
79 4 3 1
79 4 4 1
79 4 5 -1
80 4 1 -1
80 4 2 -1
80 4 3 1
80 4 4 1
80 4 5 -1
81 4 1 -1
81 4 2 -1
81 4 3 1
81 4 4 1
81 4 5 -1
82 4 1 -1
82 4 2 -1
82 4 3 1
82 4 4 1
82 4 5 -1
83 4 1 -1
83 4 2 -1
83 4 3 1
83 4 4 1
83 4 5 -1
84 4 1 -1
84 4 2 -1
84 4 3 1
84 4 4 1
84 4 5 -1
85 4 1 -1
85 4 2 -1
85 4 3 1
85 4 4 1
85 4 5 -1
86 4 1 -1
86 4 2 -1
86 4 3 1
86 4 4 1
86 4 5 -1
87 4 1 -1
87 4 2 -1
87 4 3 1
87 4 4 1
87 4 5 -1
88 4 1 -1
88 4 2 -1
88 4 3 1
88 4 4 1
88 4 5 -1
89 4 1 -1
89 4 2 -1
89 4 3 1
89 4 4 1
89 4 5 -1
90 4 1 -1
90 4 2 -1
90 4 3 1
90 4 4 1
90 4 5 -1
91 4 1 -1
91 4 2 -1
91 4 3 1
91 4 4 1
91 4 5 -1
92 4 1 -1
92 4 2 -1
92 4 3 1
92 4 4 1
92 4 5 -1
93 4 1 -1
93 4 2 -1
93 4 3 1
93 4 4 1
93 4 5 -1
94 4 1 -1
94 4 2 -1
94 4 3 1
94 4 4 1
94 4 5 -1
95 4 1 -1
95 4 2 -1
95 4 3 1
95 4 4 1
95 4 5 -1
96 4 1 -1
96 4 2 -1
96 4 3 1
96 4 4 1
96 4 5 -1
97 4 1 -1
97 4 2 -1
97 4 3 1
97 4 4 1
97 4 5 -1
98 4 1 -1
98 4 2 -1
98 4 3 1
98 4 4 1
98 4 5 -1
99 4 1 -1
99 4 2 -1
99 4 3 1
99 4 4 1
99 4 5 -1
100 4 1 -1
100 4 2 -1
100 4 3 1
100 4 4 1
100 4 5 -1
1 5 1 1
1 5 2 1
1 5 3 1
1 5 4 -1
1 5 5 -1
2 5 1 1
2 5 2 1
2 5 3 1
2 5 4 -1
2 5 5 -1
3 5 1 1
3 5 2 1
3 5 3 1
3 5 4 -1
3 5 5 -1
4 5 1 1
4 5 2 1
4 5 3 1
4 5 4 -1
4 5 5 -1
5 5 1 1
5 5 2 1
5 5 3 1
5 5 4 -1
5 5 5 -1
6 5 1 1
6 5 2 1
6 5 3 1
6 5 4 -1
6 5 5 -1
7 5 1 1
7 5 2 1
7 5 3 1
7 5 4 -1
7 5 5 -1
8 5 1 1
8 5 2 1
8 5 3 1
8 5 4 -1
8 5 5 -1
9 5 1 1
9 5 2 1
9 5 3 1
9 5 4 -1
9 5 5 -1
10 5 1 1
10 5 2 1
10 5 3 1
10 5 4 -1
10 5 5 -1
11 5 1 1
11 5 2 1
11 5 3 1
11 5 4 -1
11 5 5 -1
12 5 1 1
12 5 2 1
12 5 3 1
12 5 4 -1
12 5 5 -1
13 5 1 1
13 5 2 1
13 5 3 1
13 5 4 -1
13 5 5 -1
14 5 1 1
14 5 2 1
14 5 3 1
14 5 4 -1
14 5 5 -1
15 5 1 1
15 5 2 1
15 5 3 1
15 5 4 -1
15 5 5 -1
16 5 1 1
16 5 2 1
16 5 3 1
16 5 4 -1
16 5 5 -1
17 5 1 1
17 5 2 1
17 5 3 1
17 5 4 -1
17 5 5 -1
18 5 1 1
18 5 2 1
18 5 3 1
18 5 4 -1
18 5 5 -1
19 5 1 1
19 5 2 1
19 5 3 1
19 5 4 -1
19 5 5 -1
20 5 1 1
20 5 2 1
20 5 3 1
20 5 4 -1
20 5 5 -1
21 5 1 1
21 5 2 1
21 5 3 1
21 5 4 -1
21 5 5 -1
22 5 1 1
22 5 2 1
22 5 3 1
22 5 4 -1
22 5 5 -1
23 5 1 1
23 5 2 1
23 5 3 1
23 5 4 -1
23 5 5 -1
24 5 1 1
24 5 2 1
24 5 3 1
24 5 4 -1
24 5 5 -1
25 5 1 1
25 5 2 1
25 5 3 1
25 5 4 -1
25 5 5 -1
26 5 1 1
26 5 2 1
26 5 3 1
26 5 4 -1
26 5 5 -1
27 5 1 1
27 5 2 1
27 5 3 1
27 5 4 -1
27 5 5 -1
28 5 1 1
28 5 2 1
28 5 3 1
28 5 4 -1
28 5 5 -1
29 5 1 1
29 5 2 1
29 5 3 1
29 5 4 -1
29 5 5 -1
30 5 1 1
30 5 2 1
30 5 3 1
30 5 4 -1
30 5 5 -1
31 5 1 1
31 5 2 1
31 5 3 1
31 5 4 -1
31 5 5 -1
32 5 1 1
32 5 2 1
32 5 3 1
32 5 4 -1
32 5 5 -1
33 5 1 1
33 5 2 1
33 5 3 1
33 5 4 -1
33 5 5 -1
34 5 1 1
34 5 2 1
34 5 3 1
34 5 4 -1
34 5 5 -1
35 5 1 1
35 5 2 1
35 5 3 1
35 5 4 -1
35 5 5 -1
36 5 1 1
36 5 2 1
36 5 3 1
36 5 4 -1
36 5 5 -1
37 5 1 1
37 5 2 1
37 5 3 1
37 5 4 -1
37 5 5 -1
38 5 1 1
38 5 2 1
38 5 3 1
38 5 4 -1
38 5 5 -1
39 5 1 1
39 5 2 1
39 5 3 1
39 5 4 -1
39 5 5 -1
40 5 1 1
40 5 2 1
40 5 3 1
40 5 4 -1
40 5 5 -1
41 5 1 1
41 5 2 1
41 5 3 1
41 5 4 -1
41 5 5 -1
42 5 1 1
42 5 2 1
42 5 3 1
42 5 4 -1
42 5 5 -1
43 5 1 1
43 5 2 1
43 5 3 1
43 5 4 -1
43 5 5 -1
44 5 1 1
44 5 2 1
44 5 3 1
44 5 4 -1
44 5 5 -1
45 5 1 1
45 5 2 1
45 5 3 1
45 5 4 -1
45 5 5 -1
46 5 1 1
46 5 2 1
46 5 3 1
46 5 4 -1
46 5 5 -1
47 5 1 1
47 5 2 1
47 5 3 1
47 5 4 -1
47 5 5 -1
48 5 1 1
48 5 2 1
48 5 3 1
48 5 4 -1
48 5 5 -1
49 5 1 1
49 5 2 1
49 5 3 1
49 5 4 -1
49 5 5 -1
50 5 1 1
50 5 2 1
50 5 3 1
50 5 4 -1
50 5 5 -1
51 5 1 1
51 5 2 1
51 5 3 1
51 5 4 -1
51 5 5 -1
52 5 1 1
52 5 2 1
52 5 3 1
52 5 4 -1
52 5 5 -1
53 5 1 1
53 5 2 1
53 5 3 1
53 5 4 -1
53 5 5 -1
54 5 1 -1
54 5 2 1
54 5 3 1
54 5 4 -1
54 5 5 -1
55 5 1 -1
55 5 2 1
55 5 3 1
55 5 4 -1
55 5 5 -1
56 5 1 -1
56 5 2 1
56 5 3 1
56 5 4 -1
56 5 5 -1
57 5 1 -1
57 5 2 1
57 5 3 1
57 5 4 1
57 5 5 -1
58 5 1 -1
58 5 2 1
58 5 3 1
58 5 4 1
58 5 5 -1
59 5 1 -1
59 5 2 1
59 5 3 1
59 5 4 1
59 5 5 -1
60 5 1 -1
60 5 2 1
60 5 3 1
60 5 4 1
60 5 5 -1
61 5 1 -1
61 5 2 1
61 5 3 1
61 5 4 1
61 5 5 -1
62 5 1 -1
62 5 2 1
62 5 3 1
62 5 4 1
62 5 5 -1
63 5 1 -1
63 5 2 1
63 5 3 1
63 5 4 1
63 5 5 -1
64 5 1 -1
64 5 2 -1
64 5 3 1
64 5 4 1
64 5 5 -1
65 5 1 -1
65 5 2 -1
65 5 3 1
65 5 4 1
65 5 5 -1
66 5 1 -1
66 5 2 -1
66 5 3 1
66 5 4 1
66 5 5 -1
67 5 1 -1
67 5 2 -1
67 5 3 1
67 5 4 1
67 5 5 -1
68 5 1 -1
68 5 2 -1
68 5 3 1
68 5 4 1
68 5 5 -1
69 5 1 -1
69 5 2 -1
69 5 3 1
69 5 4 1
69 5 5 -1
70 5 1 -1
70 5 2 -1
70 5 3 1
70 5 4 1
70 5 5 -1
71 5 1 -1
71 5 2 -1
71 5 3 -1
71 5 4 1
71 5 5 -1
72 5 1 -1
72 5 2 -1
72 5 3 -1
72 5 4 1
72 5 5 -1
73 5 1 -1
73 5 2 -1
73 5 3 -1
73 5 4 1
73 5 5 -1
74 5 1 -1
74 5 2 -1
74 5 3 -1
74 5 4 1
74 5 5 -1
75 5 1 -1
75 5 2 -1
75 5 3 -1
75 5 4 1
75 5 5 -1
76 5 1 -1
76 5 2 -1
76 5 3 -1
76 5 4 1
76 5 5 -1
77 5 1 -1
77 5 2 -1
77 5 3 -1
77 5 4 1
77 5 5 -1
78 5 1 -1
78 5 2 -1
78 5 3 -1
78 5 4 1
78 5 5 -1
79 5 1 -1
79 5 2 -1
79 5 3 -1
79 5 4 1
79 5 5 -1
80 5 1 -1
80 5 2 -1
80 5 3 -1
80 5 4 1
80 5 5 -1
81 5 1 -1
81 5 2 -1
81 5 3 -1
81 5 4 1
81 5 5 -1
82 5 1 -1
82 5 2 -1
82 5 3 -1
82 5 4 1
82 5 5 -1
83 5 1 -1
83 5 2 -1
83 5 3 -1
83 5 4 1
83 5 5 -1
84 5 1 -1
84 5 2 -1
84 5 3 -1
84 5 4 1
84 5 5 -1
85 5 1 -1
85 5 2 -1
85 5 3 -1
85 5 4 1
85 5 5 -1
86 5 1 -1
86 5 2 -1
86 5 3 -1
86 5 4 1
86 5 5 -1
87 5 1 -1
87 5 2 -1
87 5 3 -1
87 5 4 1
87 5 5 -1
88 5 1 -1
88 5 2 -1
88 5 3 1
88 5 4 1
88 5 5 -1
89 5 1 -1
89 5 2 -1
89 5 3 1
89 5 4 1
89 5 5 -1
90 5 1 -1
90 5 2 -1
90 5 3 1
90 5 4 1
90 5 5 -1
91 5 1 -1
91 5 2 -1
91 5 3 1
91 5 4 1
91 5 5 -1
92 5 1 -1
92 5 2 -1
92 5 3 1
92 5 4 1
92 5 5 -1
93 5 1 -1
93 5 2 -1
93 5 3 1
93 5 4 1
93 5 5 -1
94 5 1 -1
94 5 2 -1
94 5 3 1
94 5 4 1
94 5 5 -1
95 5 1 -1
95 5 2 -1
95 5 3 1
95 5 4 1
95 5 5 -1
96 5 1 -1
96 5 2 -1
96 5 3 1
96 5 4 1
96 5 5 -1
97 5 1 -1
97 5 2 -1
97 5 3 1
97 5 4 1
97 5 5 -1
98 5 1 -1
98 5 2 -1
98 5 3 1
98 5 4 1
98 5 5 -1
99 5 1 -1
99 5 2 -1
99 5 3 1
99 5 4 1
99 5 5 -1
100 5 1 -1
100 5 2 -1
100 5 3 1
100 5 4 1
100 5 5 -1
